49141736196649997143988653141731
87199553866897983193211749913217
65616822353543252978617298659951
72398619979743673686212714165846
96136729799932763261628923848375
48244863441411734291915344278542
988412442894992595648661749914M1
896856886122755528G4966367437915
77679751276686399514259119769641
18579559775232534967229866643523
32314736318654968567635967365698
88319326615951529767613576281871
78784891633583177196697254681594
93695192623715676924233173193557
32725286295739225859134878685377
77473567214455772729667293365264