4914173619664999714398865314173149141736196649997143988653141731491417361966499971439886531417314914173619664999714398865314173149141736196649997143988653141731
8719955386689798319321174991321787199553866897983193211749913217871995538668979831932117499132178719955386689798319321174991321787199553866897983193211749913217
6561682235354325297861729865995165616822353543252978617298659951656168223535432529786172986599516561682235354325297861729865995165616822353543252978617298659951
7239861997974367368621271416584672398619979743673686212714165846723986199797436736862127141658467239861997974367368621271416584672398619979743673686212714165846
9613672979993276326162892384837596136729799932763261628923848375961367297999327632616289238483759613672979993276326162892384837596136729799932763261628923848375
4824486344141173429191534427854248244863441411734291915344278542482448634414117342919153442785424824486344141173429191534427854248244863441411734291915344278542
9884124428949925956486617499142198841244289499259564866174991421988412442894992595648661749914219884124428949925956486617499142198841244289499259564866174991421
8968568861227555281496636743791589685688612275552814966367437915896856886122755528149663674379158968568861227555281496636743791589685688612275552814966367437915
7767975127668639951425911976964177679751276686399514259119769641776797512766863995142591197696417767975127668639951425911976964177679751276686399514259119769641
1857955977523253496722986664352318579559775232534967229866643523185795597752325349672298666435231857955977523253496722986664352318579559775232534967229866643523
3231473631865496856763596736569832314736318654968567635967365698323147363186549685676359673656983231473631865496856763596736569832314736318654968567635967365698
7747356721445577272966729336526477473567214455772729667293365264774735672144557727296672933652647747356721445577272966729336526477473567214455772729667293365264